00000000000100000000010000010011
00000000000000000000001010010011
00000000100000101010000000100011
00000000001000000000010010010011
00000000100100101010001000100011
00000000001100000000100100010011
00000001001000101010010000100011
00000000010000000000100110010011
00000001001100101010011000100011
00000000010100000000101000010011
00000001010000101010100000100011
00000000011000000000101010010011
00000001010100101010101000100011
00000000011100000000101100010011
00000001011000101010110000100011
00000000100000000000101110010011
00000001011100101010111000100011
00000000100000000000111110010011
00000000000000101010010000000011
00000000010100000000010010110011
00000000010100101000100100110011
00000000011110010000100100110011
00000000000010010010001100000011
00000000011001000010001110110011
00000000000100000000111000010011
00000000011111100000100001100011
00000000000100101000001010010011
00000001111100101000111001100011
11111110000111111111000001101111
00000000011000000000010000110011
00000000010100000000010010110011
00000000000100101000001010010011
00000001111100101000010001100011
11111100110111111111000001101111
00000010000000000000110000010011
00000000000000000000001010010011
00000000010100101000100100110011
00000001001010010000100100110011
00000000000010010000001110010011
00000010000010010000111000010011
00000000000000111010111010000011
01000001110101000000111010110011
00000001110111100010000000100011
00000000000100101000001010010011
00000001111100101000010001100011
11111101110111111111000001101111
00000000000000000000000000010011
